プレイヤ番号(pn), ゲーム番号(gn), ラウンド数(nr), 左図形(ml), 右図形(mr) , 配置パタン(ps), 初期位置(p1), 移動先(p2), スコア(sc), 図形送信日時(tm), 位置決定日時(tp) 
7,0,1,3,1,0,0,0,0,2018-01-24 08:59:07,2018-01-24 08:59:15
2,0,1,3,3,1,2,2,0,2018-01-24 08:58:04,2018-01-24 08:59:10
9,0,1,1,1,3,1,1,2,2018-01-24 08:58:31,2018-01-24 08:58:38
11,0,1,1,1,2,0,0,0,2018-01-24 08:58:50,2018-01-24 08:59:13
5,0,1,3,0,4,1,0,0,2018-01-24 08:57:50,2018-01-24 08:58:16
10,0,1,3,0,3,0,1,2,2018-01-24 08:58:15,2018-01-24 08:59:00
3,0,1,0,0,8,2,2,2,2018-01-24 08:58:26,2018-01-24 08:58:40
6,0,1,3,0,4,2,3,0,2018-01-24 08:58:09,2018-01-24 08:58:24
4,0,1,1,0,8,3,2,2,2018-01-24 08:58:21,2018-01-24 08:58:34
17,0,1,0,2,10,3,1,2,2018-01-24 08:58:13,2018-01-24 08:58:20
18,0,1,3,3,10,1,1,2,2018-01-24 08:58:08,2018-01-24 08:58:20
25,0,1,2,0,11,3,1,0,2018-01-24 08:58:07,2018-01-24 08:58:39
26,0,1,2,3,11,2,0,0,2018-01-24 08:58:18,2018-01-24 08:58:28
1,0,1,1,1,7,2,3,0,2018-01-24 08:58:39,2018-01-24 08:58:45
23,0,1,3,0,7,2,0,2,2018-01-24 08:59:15,2018-01-24 08:59:21
24,0,1,1,1,7,1,0,2,2018-01-24 08:59:03,2018-01-24 08:59:27
8,0,1,3,1,0,1,3,0,2018-01-24 08:58:56,2018-01-24 08:59:14
20,0,1,3,3,4,2,3,0,2018-01-24 08:59:45,2018-01-24 08:59:59
12,0,1,1,3,2,3,1,0,2018-01-24 08:58:31,2018-01-24 08:59:11
17,0,2,3,2,1,0,0,1,2018-01-24 08:58:37,2018-01-24 08:58:47
18,0,2,3,1,1,2,3,1,2018-01-24 08:58:35,2018-01-24 08:58:40
35,0,1,1,0,5,1,,0,2018-01-24 08:59:07,
5,0,2,2,3,0,0,2,0,2018-01-24 08:58:57,2018-01-24 08:59:52
6,0,2,3,0,0,1,0,0,2018-01-24 08:59:45,2018-01-24 08:59:53
29,0,1,1,0,3,1,1,0,2018-01-24 08:59:24,2018-01-24 08:59:41
30,0,1,0,1,3,0,2,0,2018-01-24 08:59:35,2018-01-24 08:59:44
19,0,1,0,0,11,3,2,0,2018-01-24 08:58:53,2018-01-24 08:59:52
25,0,2,3,3,4,1,0,0,2018-01-24 08:59:02,2018-01-24 08:59:40
3,0,2,0,1,11,3,3,1,2018-01-24 08:58:59,2018-01-24 08:59:02
4,0,2,0,2,11,2,0,1,2018-01-24 08:58:55,2018-01-24 08:59:07
39,0,1,,,7,2,,0,,
26,0,2,0,0,4,2,3,0,2018-01-24 08:59:14,2018-01-24 08:59:19
17,0,3,3,3,0,0,0,3,2018-01-24 08:59:09,2018-01-24 08:59:13
18,0,3,1,3,0,1,0,3,2018-01-24 08:59:09,2018-01-24 08:59:14
43,0,1,0,1,10,3,2,0,2018-01-24 09:00:27,2018-01-24 09:00:28
41,0,1,,,1,0,,0,,
27,0,1,,,11,3,,0,,
21,0,1,3,3,5,1,1,2,2018-01-24 08:59:36,2018-01-24 08:59:49
44,0,1,3,2,10,1,,0,2018-01-24 08:59:36,
33,0,1,0,1,1,0,1,0,2018-01-24 08:59:45,2018-01-24 08:59:54
34,0,1,0,0,1,2,3,0,2018-01-24 08:59:31,2018-01-24 09:00:00
22,0,1,2,1,5,3,1,2,2018-01-24 08:59:28,2018-01-24 08:59:42
13,0,1,,,3,1,,0,,
32,0,1,1,1,8,3,,0,2018-01-24 08:59:25,
3,0,3,0,1,9,3,3,0,2018-01-24 08:59:21,2018-01-24 08:59:31
9,0,2,1,1,6,2,2,4,2018-01-24 08:59:36,2018-01-24 08:59:38
14,0,1,1,0,3,0,,0,2018-01-24 09:00:01,
38,0,1,3,1,5,3,,0,2018-01-24 08:59:38,
1,0,2,1,0,1,0,0,0,2018-01-24 08:59:39,2018-01-24 08:59:49
4,0,3,0,2,9,0,1,0,2018-01-24 08:59:28,2018-01-24 08:59:32
10,0,2,0,3,6,0,2,4,2018-01-24 08:59:28,2018-01-24 08:59:41
28,0,1,,,11,2,,0,,
17,0,4,1,1,3,1,1,5,2018-01-24 08:59:36,2018-01-24 08:59:37
18,0,4,3,1,3,0,1,5,2018-01-24 08:59:25,2018-01-24 08:59:40
15,0,1,2,1,2,0,2,2,2018-01-24 09:00:23,2018-01-24 09:00:36
40,0,1,0,0,7,1,,0,2018-01-24 09:00:11,
7,0,2,1,3,10,3,2,0,2018-01-24 08:59:45,2018-01-24 08:59:50
16,0,1,3,0,2,3,2,2,2018-01-24 09:00:20,2018-01-24 09:00:28
8,0,2,1,3,10,1,0,0,2018-01-24 08:59:35,2018-01-24 08:59:51
11,0,2,3,3,5,1,1,0,2018-01-24 08:59:43,2018-01-24 08:59:58
12,0,2,3,1,5,3,2,0,2018-01-24 08:59:54,2018-01-24 08:59:59
45,0,1,,,0,0,,0,,
2,0,2,3,3,1,2,2,0,2018-01-24 08:59:45,2018-01-24 08:59:53
23,0,2,1,2,5,1,3,1,2018-01-24 08:59:54,2018-01-24 08:59:57
3,0,4,1,1,1,0,1,0,2018-01-24 08:59:50,2018-01-24 08:59:53
24,0,2,1,1,5,3,2,1,2018-01-24 08:59:51,2018-01-24 09:00:06
4,0,4,0,1,1,2,2,0,2018-01-24 08:59:46,2018-01-24 08:59:56
17,0,5,2,2,7,2,0,7,2018-01-24 08:59:54,2018-01-24 09:00:06
18,0,5,1,3,7,1,0,7,2018-01-24 08:59:54,2018-01-24 08:59:59
25,0,3,2,0,10,3,3,0,2018-01-24 09:00:11,2018-01-24 09:00:34
42,0,1,,,1,2,,0,,
26,0,3,0,0,10,1,3,2,2018-01-24 08:59:58,2018-01-24 09:00:23
9,0,3,0,3,11,3,2,3,2018-01-24 08:59:59,2018-01-24 09:00:20
10,0,3,1,1,11,2,3,3,2018-01-24 09:00:13,2018-01-24 09:00:18
21,0,2,1,3,1,0,2,4,2018-01-24 09:00:21,2018-01-24 09:00:33
29,0,2,,,6,2,,0,,
30,0,2,1,0,6,0,,0,2018-01-24 09:00:16,
22,0,2,0,1,1,2,2,4,2018-01-24 09:00:01,2018-01-24 09:00:27
46,0,1,,,0,1,,0,,
3,0,5,0,1,5,1,0,0,2018-01-24 09:00:06,2018-01-24 09:00:29
5,0,3,3,1,10,3,2,0,2018-01-24 09:00:17,2018-01-24 09:00:27
6,0,3,0,0,10,1,0,0,2018-01-24 09:00:14,2018-01-24 09:00:33
19,0,2,3,1,8,2,,0,2018-01-24 09:00:14,
1,0,3,0,1,8,2,3,2,2018-01-24 09:00:26,2018-01-24 09:00:30
4,0,5,1,3,5,3,3,0,2018-01-24 09:00:18,2018-01-24 09:00:23
2,0,3,3,3,8,3,3,2,2018-01-24 09:00:13,2018-01-24 09:00:36
17,0,6,1,1,4,1,,0,2018-01-24 09:00:15,
18,0,6,3,1,4,2,2,0,2018-01-24 09:00:22,2018-01-24 09:00:22
23,0,3,,,3,1,,0,,
24,0,3,,,3,0,,0,,
9,0,4,,,9,3,,0,,
7,0,3,,,7,2,,0,,
10,0,4,,,9,0,,0,,
8,0,3,1,3,7,1,,0,2018-01-24 09:00:37,
20,0,2,,,8,3,,0,,
3,0,6,,,4,1,,0,,
4,0,6,,,4,2,,0,,
